4294967278,14
4294967278,13
4294967278,12
4294967278,11
4294967278,10
4294967278,9
4294967278,8
4294967278,7
4294967278,6
4294967278,37
4294967278,36
4294967278,35
4294967278,34
4294967278,33
4294967278,32
4294967278,31
4294967278,30
4294967278,29
4294967278,28
4294967278,27
4294967278,26
4294967278,25
4294967278,24
4294967278,23
4294967278,22
4294967278,21
4294967278,20
4294967278,19
4294967278,18
4294967278,17
4294967278,16
4294967278,15
4294967279,36
4294967279,34
4294967279,32
4294967279,31
4294967279,30
4294967279,29
4294967279,28
4294967279,26
4294967279,25
4294967279,24
4294967279,21
4294967279,20
4294967279,19
4294967279,16
4294967279,14
4294967279,13
4294967279,12
4294967279,11
4294967279,282
4294967278,342
4294967279,302
4294967279,259
4294967279,409
4294967279,280
4294967278,341
4294967278,340
4294967278,339
4294967279,278
4294967279,408
4294967278,256
4294967279,407
4294967279,406
4294967278,338
4294967278,337
4294967279,405
4294967278,336
4294967278,335
4294967278,255
4294967279,404
4294967278,254
4294967278,334
4294967294,388
4294967278,333
4294967278,332
4294967278,253
4294967279,403
4294967278,252
4294967278,248
4294967278,247
4294967278,245
4294967278,243
4294967278,241
4294967278,240
4294967278,238
4294967279,402
4294967278,236
4294967294,1080
4294967294,190
4294967294,1074
4294967294,1159
4294967294,170
4294967278,234
4294967278,232
4294967278,229
4294967278,228
4294967278,225
4294967278,223
4294967278,224
17,5
4294967278,221
17,4
17,2
17,1
4294967278,219
4294967278,216
4294967278,331
4294967279,401
4294967278,330
4294967278,212
4294967279,400
4294967278,211
4294967278,329
4294967278,210
4294967278,209
4294967278,207
4294967278,208
4294967278,328
4294967294,392
4294967294,115
4294967279,399
4294967279,398
4294967278,205
14,6
4294967279,397
4294967279,396
4294967278,203
14,5
4294967278,201
4294967279,395
4294967278,200
4294967278,199
14,4
4294967278,198
14,3
14,2
14,1
4294967278,327
4294967278,197
4294967278,196
13,4
13,3
13,2
13,1
4294967279,394
4294967278,195
4294967294,186
4294967294,1067
4294967294,128
4294967294,157
4294967294,38
4294967294,39
4294967294,36
4294967278,326
12,4
4294967278,193
12,3
12,2
12,1
4294967278,325
0,7
4294967278,192
4294967279,393
4294967278,324
4294967279,392
4294967279,391
4294967278,323
4294967278,322
4294967279,390
4294967278,321
4294967278,187
4294967278,320
4294967279,389
4294967279,388
4294967278,319
4294967294,89
4294967279,387
4294967279,386
4294967278,318
4294967278,317
4294967294,5
4294967279,385
4294967294,107
4294967294,81
4294967294,50
4294967294,412
4294967294,96
4294967294,94
4294967278,316
4294967278,182
4294967294,8
4294967278,315
4294967279,384
4294967279,0
4294967294,41
4294967294,424
4294967294,42
4294967294,437
4294967294,45
4294967294,428
4294967294,120
4294967294,387
4294967278,181
4294967294,84
4294967294,51
4294967294,53
4294967294,416
4294967278,314
4294967294,76
4294967294,6
4294967294,22
4294967294,17
4294967294,99
4294967294,82
4294967294,595
4294967294,9
4294967294,67
4294967294,472
4294967294,0
4294967294,470
4294967294,90
4294967294,87
4294967294,86
4294967278,180
4294967294,92
4294967294,91
4294967294,88
4294967294,85
4294967294,83
4294967294,129
4294967294,155
4294967294,29
4294967294,158
4294967294,28
4294967294,1083
4294967294,27
4294967294,471
4294967294,25
4294967294,1084
4294967294,26
4294967294,52
4294967294,393
4294967294,46
4294967294,390
4294967294,1
4294967294,2
4294967294,44
4294967294,43
4294967294,40
4294967294,37
4294967294,1163
4294967278,313
4294967278,0
4294967294,93
4294967294,95
4294967278,132
4294967278,131
4294967278,130
4294967278,129
4294967278,128
4294967278,127
4294967278,126
4294967278,125
4294967278,124
4294967278,123
4294967278,122
4294967278,121
4294967278,120
4294967278,119
4294967278,118
4294967278,117
4294967278,116
4294967278,115
4294967278,114
4294967278,113
4294967278,112
4294967278,111
4294967278,110
4294967278,109
4294967278,108
4294967278,107
4294967278,106
4294967278,105
4294967278,104
4294967278,103
4294967278,102
4294967278,101
4294967278,100
4294967278,99
4294967278,98
4294967278,97
4294967278,96
4294967278,95
4294967278,94
4294967278,93
4294967278,92
